[{"image_id": "0b02e18654324edd8d74c078b66bfb20", "pose": [-0.057695, -0.000357129, 0.998334, -2.46692, -0.998304, -0.00769199, -0.0576965, -3.15814, 0.00770012, -0.99997, 8.84733e-05, 1.5171, 0, 0, 0, 1], "included": true, "visible": [false, true, false, false, false, true, true, true, true, false, true, false, false, false, false, false, false, false, false, false, false, false, false, false, false, false, false, false, false, false, false, false, false, false, false, false, false, false, false, false, false, false, false, false, false, false, false, false, false, false, false, false, false, false, false, false, false, false, false, false, false], "unobstructed": [false, false, false, false, false, true, false, true, true, false, true, false, false, false, false, false, false, false, false, false, false, false, false, false, false, false, false, false, false, false, false, false, false, false, false, false, false, false, false, false, false, false, false, false, false, false, false, false, false, false, false, false, false, false, false, false, false, false, false, false, false], "height": 1.51470410293751}, {"image_id": "1db1c0a09ecf40d188197efc05ced3bb", "pose": [-0.442443, 0.0138817, 0.896688, -4.03893, -0.89679, -0.0101225, -0.442338, -3.05434, 0.00293664, -0.999852, 0.0169288, 0.974424, 0, 0, 0, 1], "included": true, "visible": [true, false, false, false, true, true, false, false, true, false, false, true, false, false, false, false, false, false, false, false, false, false, false, false, false, false, false, false, false, false, false, false, false, false, false, false, false, false, false, false, false, false, false, false, false, false, false, false, false, false, false, false, false, false, false, false, false, false, false, false, false], "unobstructed": [false, false, false, false, false, true, false, false, true, false, false, true, false, false, false, false, false, false, false, false, false, false, false, false, false, false, false, false, false, false, false, false, false, false, false, false, false, false, false, false, false, false, false, false, false, false, false, false, false, false, false, false, false, false, false, false, false, false, false, false, false], "height": 0.9701803380402906}, {"image_id": "6178647ca8d14dc09370f6c1b7ed2fd6", "pose": [-0.870025, 0.0056275, 0.492973, -3.69279, -0.493005, -0.0105975, -0.869962, 1.95433, 0.000328893, -0.999927, 0.0119957, 1.51516, 0, 0, 0, 1], "included": true, "visible": [false, false, false, true, false, false, true, false, false, false, true, false, false, false, false, false, false, false, false, false, false, false, false, false, false, false, false, false, false, false, false, false, false, false, false, true, false, false, false, false, false, false, false, false, false, false, false, false, false, false, false, false, false, false, false, false, false, false, false, false, false], "unobstructed": [false, false, false, true, false, false, true, false, false, true, true, false, false, false, false, false, false, false, false, false, false, false, false, false, false, false, false, false, false, false, false, false, false, false, false, true, false, false, false, false, false, false, false, false, false, false, false, false, false, false, false, false, false, false, false, false, false, false, false, false, false], "height": 1.517582101716661}, {"image_id": "565cc21cd28b4ee6bb5ba83c5270c032", "pose": [0.0242634, 0.000986587, -0.999704, -3.91782, 0.999699, 0.00333371, 0.024267, 0.178675, 0.00335701, -0.999993, -0.0009042, 1.50868, 0, 0, 0, 1], "included": true, "visible": [false, false, true, false, false, false, true, false, false, true, true, false, false, false, false, false, false, false, false, false, false, false, false, false, false, false, false, false, false, false, false, false, false, false, false, false, false, false, false, false, false, false, false, false, false, false, false, false, false, false, false, false, false, false, false, false, false, false, false, false, false], "unobstructed": [false, false, true, false, false, false, false, false, false, true, true, false, false, false, false, false, false, false, false, false, false, false, false, false, false, false, false, false, false, false, false, false, false, false, false, false, false, false, false, false, false, false, false, false, false, false, false, false, false, false, false, false, false, false, false, false, false, false, false, false, false], "height": 1.5114421933143356}, {"image_id": "ef638e508e054c4aabd49b38d1b88fc7", "pose": [0.0820523, 0.0151057, 0.996513, -4.61631, -0.995947, -0.0356725, 0.0825462, -2.18899, 0.0367954, -0.999249, 0.0121187, 1.52757, 0, 0, 0, 1], "included": true, "visible": [false, true, false, false, false, true, false, false, true, false, false, true, false, false, false, false, false, false, false, false, false, false, false, false, false, false, false, false, false, false, false, false, false, false, false, false, false, false, false, false, false, false, false, false, false, false, false, false, false, false, false, false, false, false, false, false, false, false, false, false, false], "unobstructed": [false, false, false, false, false, true, false, false, true, false, false, true, false, false, false, false, false, false, false, false, false, false, false, false, false, false, false, false, false, false, false, false, false, false, false, false, false, false, false, false, false, false, false, false, false, false, false, false, false, false, false, false, false, false, false, false, false, false, false, false, false], "height": 1.5162868543024455}, {"image_id": "97ed68de989e44fdaf2d9b949898fab6", "pose": [0.0900997, 0.0149714, 0.99582, -3.64126, -0.995713, -0.0195971, 0.0903844, -3.16818, 0.0208687, -0.999695, 0.0131427, 1.52081, 0, 0, 0, 1], "included": true, "visible": [true, true, false, false, true, false, false, false, true, false, false, true, false, false, false, false, false, false, false, false, false, false, false, false, false, false, false, false, false, false, false, false, false, false, false, false, false, false, false, false, false, false, false, false, false, false, false, false, false, false, false, false, false, false, false, false, false, false, false, false, false], "unobstructed": [true, true, false, false, true, false, false, false, true, false, false, true, false, false, false, false, false, false, false, false, false, false, false, false, false, false, false, false, false, false, false, false, false, false, false, false, false, false, false, false, false, false, false, false, false, false, false, false, false, false, false, false, false, false, false, false, false, false, false, false, false], "height": 1.5211418713547455}, {"image_id": "5fd70cff4992429a99a84fd3c117ccb5", "pose": [-0.0539877, -0.000800861, -0.998541, 0.0108044, 0.998337, 0.0201438, -0.0539926, 0.00604319, 0.020158, -0.999796, -0.000286778, 1.51223, 0, 0, 0, 1], "included": true, "visible": [true, false, true, true, false, false, false, true, false, true, true, false, false, false, false, false, false, false, false, false, false, false, false, false, false, false, false, false, false, false, false, false, false, false, false, false, false, false, false, false, false, false, false, false, false, false, false, false, false, false, false, false, false, false, false, false, false, false, false, false, false], "unobstructed": [false, false, true, false, false, false, false, true, false, false, true, false, false, false, false, false, false, false, false, false, false, false, false, false, false, false, false, false, false, false, false, false, false, false, false, false, false, false, false, false, false, false, false, false, false, false, false, false, false, false, false, false, false, false, false, false, false, false, false, false, false], "height": 1.5113248528175798}, {"image_id": "86d342c576ff46a9828d2ba377cc8cd5", "pose": [0.998173, 0.0151118, -0.0584746, -1.78347, 0.0584707, 0.000718574, 0.998288, -1.89835, 0.0151283, -0.999885, -0.000165129, 1.52238, 0, 0, 0, 1], "included": true, "visible": [true, false, false, false, false, false, true, false, false, false, true, false, false, true, false, false, false, false, false, false, false, false, false, false, false, false, false, false, false, false, false, false, false, false, false, false, false, false, false, false, false, false, false, false, false, false, false, false, false, false, false, false, false, false, false, false, false, false, false, false, false], "unobstructed": [true, false, false, false, false, false, true, false, false, false, true, false, false, true, false, false, false, false, false, false, false, false, false, false, false, false, false, false, false, false, false, false, false, false, false, false, false, false, false, false, false, false, false, false, false, false, false, false, false, false, false, false, false, false, false, false, false, false, false, false, false], "height": 1.5103397372923053}, {"image_id": "8dba9ff900b14f9b84ead660f5f7f701", "pose": [-0.999855, -0.0144511, 0.00887107, -4.11579, -0.00895392, 0.00564829, -0.999943, -2.90606, 0.0144005, -0.999879, -0.00577567, 1.51617, 0, 0, 0, 1], "included": true, "visible": [true, true, false, false, true, true, false, false, false, false, false, true, false, false, false, false, false, false, false, false, false, false, false, false, false, false, false, false, false, false, false, false, false, false, false, false, false, false, false, false, false, false, false, false, false, false, false, false, false, false, false, false, false, false, false, false, false, false, false, false, false], "unobstructed": [true, true, false, false, true, true, false, false, false, false, false, true, false, false, false, false, false, false, false, false, false, false, false, false, false, false, false, false, false, false, false, false, false, false, false, false, false, false, false, false, false, false, false, false, false, false, false, false, false, false, false, false, false, false, false, false, false, false, false, false, false], "height": 1.5112098807574073}, {"image_id": "0d8c5fbfd73f44e28d6da370520611e4", "pose": [0.0769887, 0.00664334, 0.997009, -6.15424, -0.997016, -0.00490415, 0.0770216, -0.0398163, 0.00540151, -0.999965, 0.00624716, 1.50965, 0, 0, 0, 1], "included": true, "visible": [false, false, true, true, false, false, true, false, false, false, true, false, false, false, false, false, false, false, false, false, false, false, false, false, false, false, false, false, false, false, false, false, false, false, false, false, false, false, false, false, false, false, false, false, false, false, false, false, false, false, false, false, false, false, false, false, false, false, false, false, false], "unobstructed": [false, false, true, true, false, false, false, false, false, false, false, false, false, false, false, false, false, false, false, false, false, false, false, false, false, false, false, false, false, false, false, false, false, false, false, false, false, false, false, false, false, false, false, false, false, false, false, false, false, false, false, false, false, false, false, false, false, false, false, false, false], "height": 1.5058928427471967}, {"image_id": "aebb1de49d21485e8bef7633dfb58761", "pose": [-0.0229751, -0.0058052, -0.999718, -1.94579, 0.999719, 0.00553997, -0.0230069, -0.026534, 0.00567231, -0.999967, 0.0056775, 1.50582, 0, 0, 0, 1], "included": true, "visible": [true, false, true, true, false, false, true, true, false, true, false, false, false, false, false, false, false, false, false, false, false, false, false, false, false, false, false, false, false, false, false, false, false, false, false, false, false, false, false, false, false, false, false, false, false, false, false, false, false, false, false, false, false, false, false, false, false, false, false, false, false], "unobstructed": [true, false, true, true, false, false, true, true, false, false, false, false, false, false, false, false, false, false, false, false, false, false, false, false, false, false, false, false, false, false, false, false, false, false, false, false, false, false, false, false, false, false, false, false, false, false, false, false, false, false, false, false, false, false, false, false, false, false, false, false, false], "height": 1.5101720791580233}, {"image_id": "e34e51f3d6584ad09c510de5db84752f", "pose": [-0.0418368, -0.0124855, 0.999046, -3.99281, -0.993607, -0.104406, -0.0429142, -2.13265, 0.104842, -0.994456, -0.00803644, 0.980264, 0, 0, 0, 1], "included": true, "visible": [false, true, false, false, true, true, false, false, true, false, false, false, false, false, false, false, false, false, false, false, false, false, false, false, false, false, false, false, false, false, false, false, false, false, false, false, false, false, false, false, false, false, false, false, false, false, false, false, false, false, false, false, false, false, false, false, false, false, false, false, false], "unobstructed": [false, true, false, false, true, true, false, false, true, false, false, false, false, false, false, false, false, false, false, false, false, false, false, false, false, false, false, false, false, false, false, false, false, false, false, false, false, false, false, false, false, false, false, false, false, false, false, false, false, false, false, false, false, false, false, false, false, false, false, false, false], "height": 0.969584316081611}, {"image_id": "84291807bc3a4c9ea9f5d7f7ef53704c", "pose": [0.981453, 0.00602423, 0.191611, -0.6125730000000001, -0.191662, 0.00937897, 0.981416, -6.11971, 0.00411511, -0.999938, 0.0103594, 1.53674, 0, 0, 0, 1], "included": true, "visible": [false, false, false, false, false, false, false, false, false, false, false, false, false, false, false, false, false, false, false, false, true, false, false, false, false, false, false, false, false, false, false, false, false, true, true, false, false, false, false, false, true, true, false, true, false, false, false, false, false, false, true, false, true, false, false, false, false, true, false, false, true], "unobstructed": [false, false, false, false, false, false, false, false, false, false, false, false, false, false, false, false, false, false, false, false, false, false, false, true, true, false, false, false, false, false, false, false, false, false, false, false, false, false, false, false, true, false, false, false, false, false, false, false, false, false, true, false, false, false, false, false, false, false, false, false, false], "height": 1.5790944363872075}, {"image_id": "082f6f6ac7c241669643586b39ce562b", "pose": [-0.775902, 0.00710419, 0.630814, -2.6419500000000005, -0.630723, 0.011634, -0.775922, -0.23637000000000086, -0.0128512, -0.999907, -0.00454627, 1.52662, 0, 0, 0, 1], "included": true, "visible": [false, false, false, false, false, false, false, true, false, false, false, false, false, false, true, true, false, true, false, false, false, false, true, false, false, false, true, false, false, false, false, false, true, true, false, false, true, false, false, true, false, false, false, false, false, false, false, false, false, true, false, false, false, false, true, false, false, false, false, false, false], "unobstructed": [false, false, false, false, false, false, false, true, false, false, false, false, false, false, false, false, false, true, false, false, false, false, true, false, false, false, false, false, false, false, false, false, false, true, false, false, false, false, false, false, false, false, false, false, false, false, false, false, false, false, false, false, false, true, false, false, false, false, false, false, false], "height": 1.5957571055891389}, {"image_id": "e42a8231f4364b629cecd35d58c43635", "pose": [0.713679, -0.0126039, -0.70036, -2.97574, 0.700463, 0.00747911, 0.71365, -5.9217200000000005, -0.00375676, -0.999893, 0.0141661, 1.52448, 0, 0, 0, 1], "included": true, "visible": [false, false, false, false, false, false, false, false, false, false, false, false, false, true, false, true, false, true, false, false, false, false, false, false, false, false, true, false, false, false, false, false, true, false, true, false, true, false, false, true, false, false, false, false, false, false, false, false, false, false, false, false, false, false, false, false, false, true, false, false, false], "unobstructed": [false, false, false, false, false, false, false, false, false, false, false, false, false, false, false, false, false, false, false, false, false, false, false, false, false, false, false, false, false, false, false, false, true, false, false, false, false, false, false, true, false, false, false, false, false, false, false, false, false, false, false, false, false, false, false, false, false, false, false, false, false], "height": 1.5560158911494661}, {"image_id": "91138dab74324afb9535c61c30c8f830", "pose": [0.606279, -0.0129604, -0.795147, -3.08774, 0.795249, 0.0067482, 0.606246, -10.029379, -0.00249142, -0.999893, 0.0143978, 1.5181600000000002, 0, 0, 0, 1], "included": true, "visible": [false, false, false, false, false, false, false, false, false, false, false, false, false, true, true, false, false, true, false, false, false, false, false, true, true, false, true, false, false, false, false, false, false, false, true, false, true, false, false, true, false, true, false, true, false, false, false, false, false, false, false, false, false, false, false, false, false, false, false, false, false], "unobstructed": [false, false, false, false, false, false, false, false, false, false, false, false, false, false, false, false, false, false, false, false, false, false, false, true, true, false, true, false, false, false, false, false, false, false, false, false, false, false, false, false, false, false, false, false, false, false, false, false, false, false, false, false, false, false, false, false, false, false, false, false, true], "height": 1.5757432058455838}, {"image_id": "a5aab4ca936e4ad780431bd6e13bb534", "pose": [-0.969193, 0.0178338, 0.245656, -1.91751, -0.245934, -0.0155306, -0.969162, 0.6505299999999998, -0.0134687, -0.99972, 0.0194379, 0.49896600000000013, 0, 0, 0, 1], "included": true, "visible": [false, false, false, false, false, false, false, false, false, false, false, false, false, false, false, false, false, false, false, false, false, false, true, false, false, false, false, false, true, false, false, false, false, false, false, false, false, false, false, false, false, false, false, false, false, false, false, false, false, false, false, false, false, true, false, false, false, false, false, false, false], "unobstructed": [false, false, false, false, false, false, false, false, false, false, false, false, false, false, false, false, false, false, false, false, false, false, true, false, false, false, false, false, true, false, false, false, false, false, false, false, false, false, false, false, false, false, false, false, true, false, false, false, false, false, false, false, false, true, false, false, false, false, false, false, false], "height": 1.5979275074003407}, {"image_id": "c09569d9a442483ab65364b18a438d1a", "pose": [-0.762234, 0.00132218, 0.6473, -2.5678400000000003, -0.647256, -0.0134178, -0.762155, -1.0830300000000008, 0.00767762, -0.999909, 0.0110831, 1.5311100000000002, 0, 0, 0, 1], "included": true, "visible": [false, false, false, false, false, false, false, false, false, false, false, false, false, true, true, true, false, false, false, false, false, false, true, false, false, false, false, false, false, false, false, false, true, true, true, true, true, false, false, true, false, false, false, true, false, false, false, false, false, true, false, false, false, false, true, false, false, false, false, false, false], "unobstructed": [false, false, false, false, false, false, false, false, false, false, false, false, false, true, false, false, false, false, false, false, false, false, false, false, false, false, false, false, false, false, false, false, false, true, false, true, true, false, false, false, false, false, false, false, false, false, false, false, false, false, false, false, false, false, false, false, false, false, false, false, false], "height": 1.5971857947277162}, {"image_id": "9b253c8eec6c40528ee7fbfc011316a1", "pose": [-0.874911, 0.000980712, 0.484284, -1.9240500000000003, -0.484261, -0.0117609, -0.874845, 0.24662999999999968, 0.00483757, -0.999931, 0.0107644, 3.6290000000000004, 0, 0, 0, 1], "included": true, "visible": [false, false, false, false, false, false, false, false, false, false, false, false, true, false, false, true, false, false, false, false, false, true, false, false, false, false, false, false, false, false, false, false, false, true, false, false, false, false, false, false, true, true, false, false, false, true, false, false, false, true, false, false, true, false, true, true, false, true, false, false, true], "unobstructed": [false, false, false, false, false, false, false, false, false, false, false, false, false, false, false, false, false, false, false, false, false, true, false, false, false, false, false, false, false, false, false, false, false, false, false, false, false, false, false, false, false, false, false, false, false, false, false, false, false, false, false, false, false, false, false, true, false, false, false, false, false], "height": 1.5850408915052157}, {"image_id": "7f7d2a41ca0b44a58c987833692e2791", "pose": [-0.195315, 0.0050729, 0.980728, -0.7205470000000002, -0.980739, 0.00104562, -0.195323, -6.88292, -0.00201637, -0.999987, 0.00477079, 3.9713700000000003, 0, 0, 0, 1], "included": true, "visible": [false, false, false, false, false, false, false, false, false, false, false, false, false, false, false, false, false, false, false, false, false, true, false, false, false, true, false, false, false, true, false, true, false, false, false, false, false, true, false, false, false, false, false, false, false, true, false, true, true, false, false, true, false, false, false, false, true, true, false, false, false], "unobstructed": [false, false, false, false, false, false, false, false, false, false, false, false, false, false, false, false, false, false, false, false, false, false, false, false, false, false, false, false, false, false, false, false, false, false, false, false, false, false, false, false, false, false, false, false, false, false, false, false, false, false, false, false, false, false, false, false, true, false, false, false, false], "height": 1.5865413715631522}, {"image_id": "7fde4f88b5cf4cda9a2f31331fd7ca22", "pose": [-0.245157, 0.00303048, 0.969479, -0.4013730000000002, -0.96947, 0.00451975, -0.245169, -1.5249699999999997, -0.00512483, -0.999985, 0.00182973, 1.76187, 0, 0, 0, 1], "included": true, "visible": [false, false, false, false, false, false, false, false, false, false, false, false, true, false, false, false, false, true, false, false, false, true, false, false, false, false, false, false, false, false, false, false, false, true, true, true, false, false, false, false, true, true, false, true, false, false, false, false, false, true, true, false, true, false, true, false, false, true, false, false, true], "unobstructed": [false, false, false, false, false, false, false, false, false, false, false, false, false, false, false, false, false, false, false, false, false, false, false, false, false, false, false, false, false, false, false, false, false, true, true, true, true, false, false, false, false, false, false, false, false, false, false, false, false, false, false, false, false, false, false, false, false, false, false, false, false], "height": 1.6009648694462737}, {"image_id": "5ca7bfc500ec4d928285e61efee2dde5", "pose": [-0.853037, -0.00196506, 0.521847, -1.4277591, -0.521836, -0.00427318, -0.853035, 0.1926299999999994, 0.00390616, -0.999989, 0.00261956, 3.2824999999999998, 0, 0, 0, 1], "included": true, "visible": [false, false, false, false, false, false, false, false, false, false, false, false, true, false, true, false, false, false, true, false, false, false, false, false, false, false, false, false, false, false, false, false, true, false, false, false, false, false, false, true, true, false, false, false, false, true, false, false, false, true, true, false, true, false, true, true, false, true, false, false, true], "unobstructed": [false, false, false, false, false, false, false, false, false, false, false, false, false, false, false, false, false, false, true, false, false, false, false, false, false, false, false, false, false, false, false, false, false, false, false, false, false, false, false, false, false, false, false, false, false, true, false, false, false, false, false, false, false, false, false, false, false, true, false, false, false], "height": 1.5780269904302149}, {"image_id": "f324c5a2e85c4957ae6b9073581f3452", "pose": [-0.0929634, 0.00803081, 0.995637, -2.76992, -0.995669, -4.85864e-05, -0.092966, 0.39022999999999897, -0.000698269, -0.999968, 0.00800037, 1.1805800000000002, 0, 0, 0, 1], "included": true, "visible": [false, false, false, false, false, false, false, false, false, false, false, false, false, true, true, true, true, true, false, false, false, false, false, false, false, false, true, false, true, false, false, false, true, false, false, false, true, false, false, true, false, false, false, false, false, false, false, false, false, true, false, false, false, false, true, false, false, false, false, false, false], "unobstructed": [false, false, false, false, false, false, false, false, false, false, false, false, false, true, false, false, true, false, false, false, false, false, false, false, false, false, false, false, true, false, false, false, false, false, false, false, false, false, false, false, false, false, false, false, false, false, false, false, false, false, false, false, false, true, false, false, false, false, false, false, false], "height": 1.5825092747131664}, {"image_id": "d5c6ca3ad0204601b6c9c0280a0e144e", "pose": [-0.463953, -0.0059384, -0.88584, -2.1124590000000003, 0.885856, -0.000332398, -0.46396, -9.457136, 0.00246067, -0.999982, 0.0054146, 1.52796, 0, 0, 0, 1], "included": true, "visible": [false, false, false, false, false, false, false, false, false, false, false, false, true, false, true, true, false, false, false, false, true, false, false, false, true, false, true, false, false, false, false, false, false, false, true, false, false, false, false, false, false, true, false, true, false, false, false, false, false, false, false, false, false, false, false, false, false, true, false, false, false], "unobstructed": [false, false, false, false, false, false, false, false, false, false, false, false, true, false, false, true, false, false, false, false, false, false, false, false, true, false, true, false, false, false, false, false, false, false, false, false, false, false, false, true, false, true, false, false, false, false, false, false, false, false, false, false, false, false, false, false, false, false, false, false, false], "height": 1.564596373537402}, {"image_id": "79d2b1c2f82d4c15b1e6a74278b6e560", "pose": [0.97139, -0.00912609, -0.237313, -2.0086630000000003, 0.237389, 0.00830731, 0.971379, -10.3980571, -0.00689351, -0.999924, 0.0102359, 1.5114100000000001, 0, 0, 0, 1], "included": true, "visible": [false, false, false, false, false, false, false, false, false, false, false, false, true, false, false, true, false, false, false, false, false, false, false, true, false, false, true, false, false, false, false, false, false, false, true, false, false, false, false, false, false, true, false, true, false, false, false, false, false, false, false, false, false, false, false, false, false, true, false, false, true], "unobstructed": [false, false, false, false, false, false, false, false, false, false, false, false, true, false, false, true, false, false, false, false, false, false, false, true, false, false, true, false, false, false, false, false, false, false, false, false, false, false, false, false, false, true, false, false, false, false, false, false, false, false, true, false, false, false, false, false, false, false, false, false, true], "height": 1.5747208905470902}, {"image_id": "1cf9bfa7442841e9b5edc64590d0e879", "pose": [-0.0995193, 0.00772224, 0.995006, -0.7983060000000002, -0.994996, 0.00821532, -0.099582, -9.32638, -0.00894334, -0.999937, 0.00686583, 3.9608600000000003, 0, 0, 0, 1], "included": true, "visible": [false, false, false, false, false, false, false, false, false, false, false, false, false, false, false, false, false, false, false, true, false, false, false, false, false, false, false, false, false, true, false, true, false, false, false, false, false, true, false, false, false, false, false, false, false, false, false, true, false, true, false, false, false, false, false, false, true, false, false, true, false], "unobstructed": [false, false, false, false, false, false, false, false, false, false, false, false, false, false, false, false, false, false, false, false, false, false, false, false, false, false, false, false, false, false, false, true, false, false, false, false, false, false, false, false, false, false, false, false, false, false, false, false, false, false, false, false, false, false, false, false, true, false, false, false, false], "height": 1.5810528280329073}, {"image_id": "20c874407177474180a32c6ea562fce7", "pose": [-0.948016, -0.00470161, -0.318188, -2.8904, 0.318176, 0.00310725, -0.948027, -9.20476, 0.00544589, -0.999984, -0.00144997, 1.54353, 0, 0, 0, 1], "included": true, "visible": [false, false, false, false, false, false, false, false, false, false, false, false, false, true, true, true, false, false, false, false, false, false, false, true, true, false, false, false, false, false, false, false, false, false, true, false, true, false, false, true, false, true, false, true, false, false, false, false, false, false, false, false, false, false, false, false, false, false, false, false, true], "unobstructed": [false, false, false, false, false, false, false, false, false, false, false, false, false, false, false, true, false, false, false, false, false, false, false, true, true, false, false, false, false, false, false, false, false, false, false, false, false, false, false, true, false, true, false, false, false, false, false, false, false, false, false, false, false, false, false, false, false, false, false, false, true], "height": 1.5738752076117535}, {"image_id": "0e6e6b0332d745178dd37fc1d4a710a2", "pose": [-0.533509, -0.00220375, 0.845792, -2.64844, -0.845766, -0.00679051, -0.533511, -0.8352599999999999, 0.00691902, -0.999975, 0.00175876, 3.9551800000000004, 0, 0, 0, 1], "included": true, "visible": [false, false, false, false, false, false, false, false, false, false, false, false, false, false, false, false, false, false, false, true, false, false, false, false, false, false, false, false, false, true, false, false, false, false, false, false, false, true, true, false, false, false, false, true, false, false, false, true, true, false, false, true, false, false, true, true, false, false, true, true, false], "unobstructed": [false, false, false, false, false, false, false, false, false, false, false, false, false, false, false, false, false, false, false, false, false, false, false, false, false, false, false, false, false, false, false, false, false, false, false, false, false, false, true, false, false, false, false, false, false, false, false, false, false, false, false, false, false, false, false, true, false, false, false, false, false], "height": 1.5737332735606708}, {"image_id": "e7c626147b2247f08ca9422d481b8107", "pose": [-0.965547, 0.02221, 0.259279, -1.4493013000000001, -0.2597, -0.0187977, -0.965506, 0.5856300000000001, -0.0165701, -0.999577, 0.0239178, 0.1570610000000001, 0, 0, 0, 1], "included": true, "visible": [false, false, false, false, false, false, false, false, false, false, false, false, false, false, false, false, true, false, false, false, false, false, true, false, false, false, false, false, false, false, true, false, false, false, false, false, false, false, false, false, false, false, false, false, true, false, false, false, false, false, false, false, false, true, false, false, false, false, false, false, false], "unobstructed": [false, false, false, false, false, false, false, false, false, false, false, false, false, false, false, false, true, false, false, false, false, false, true, false, false, false, false, false, false, false, false, false, false, false, false, false, false, false, false, false, false, false, true, false, true, false, false, false, false, false, false, false, false, false, false, false, false, false, false, false, false], "height": 1.593345915215287}, {"image_id": "6c47cd8bd2664281bec3740c473946f8", "pose": [-0.870221, -8.14864e-05, 0.492662, -3.3510600000000004, -0.492656, -0.00480641, -0.870211, -10.3193251, 0.0024388, -0.999989, 0.00414231, 3.9619299999999997, 0, 0, 0, 1], "included": true, "visible": [false, false, false, false, false, false, false, false, false, false, false, false, false, false, false, false, false, false, false, true, false, false, false, false, false, true, false, true, false, false, false, false, false, false, false, false, false, true, true, false, false, false, false, true, false, false, false, true, true, false, false, true, false, false, false, true, false, true, true, true, false], "unobstructed": [false, false, false, false, false, false, false, false, false, false, false, false, false, false, false, false, false, false, false, false, false, false, false, false, false, false, false, false, false, false, false, false, false, false, false, false, false, false, false, false, false, false, false, false, false, false, false, true, false, false, false, false, false, false, false, false, false, false, true, false, false], "height": 1.5875887226958136}, {"image_id": "8819dc622e7241c2a479ba1f49af460e", "pose": [-0.243181, 0.0205911, -0.969763, -0.6233200000000001, 0.96979, -0.0146747, -0.243499, -0.2429699999999997, -0.019245, -0.99968, -0.0164007, -0.859802, 0, 0, 0, 1], "included": true, "visible": [false, false, false, false, false, false, false, false, false, false, false, false, false, false, false, false, false, false, false, false, false, false, false, false, false, false, false, false, true, false, false, false, false, false, false, false, false, false, false, false, false, false, true, false, true, false, true, false, false, false, false, false, false, false, false, false, false, false, false, false, false], "unobstructed": [false, false, false, false, false, false, false, false, false, false, false, false, false, false, false, false, false, false, false, false, false, false, false, false, false, false, false, false, false, false, false, false, false, false, false, false, false, false, false, false, false, false, true, false, true, false, true, false, false, false, false, false, false, false, false, false, false, false, false, false, false], "height": 1}, {"image_id": "1818ffc4d0eb47cfa726a12d3cfefee3", "pose": [0.0537605, 0.0126268, 0.998474, -0.8217910000000002, -0.998546, 0.00466667, 0.0537053, -11.175563, -0.00398147, -0.99991, 0.0128592, 3.95336, 0, 0, 0, 1], "included": true, "visible": [false, false, false, false, false, false, false, false, false, false, false, false, false, false, false, false, false, false, false, true, false, false, false, false, false, true, false, false, false, false, false, false, false, false, false, false, false, false, false, false, false, false, false, false, false, false, false, true, true, true, false, false, false, false, true, false, true, false, true, false, false], "unobstructed": [false, false, false, false, false, false, false, false, false, false, false, false, false, false, false, false, false, false, false, false, false, false, false, false, false, true, false, false, false, false, false, false, false, false, false, false, false, false, false, false, false, false, false, false, false, false, false, false, false, false, false, false, false, false, true, false, false, false, false, false, false], "height": 1.5844940145867565}, {"image_id": "ceed635a9b804a13a8db5fd5cd755281", "pose": [0.810589, -0.0045193, -0.585598, -2.64198, 0.585615, 0.0045041, 0.810577, -4.374180000000001, -0.0010257, -0.99998, 0.00629737, 1.5232400000000001, 0, 0, 0, 1], "included": true, "visible": [false, false, false, false, false, false, false, false, false, false, false, false, false, true, true, true, false, true, false, false, true, false, false, false, false, false, false, false, false, false, false, false, false, false, true, false, true, false, false, true, false, false, false, false, false, false, false, false, false, true, false, false, false, false, false, false, false, false, false, false, false], "unobstructed": [false, false, false, false, false, false, false, false, false, false, false, false, false, false, true, false, false, false, false, false, false, false, false, false, false, false, false, false, false, false, false, false, false, false, false, true, true, false, false, false, false, false, false, false, false, false, false, false, false, false, false, false, false, false, false, false, false, false, false, false, false], "height": 1.5500573171657541}, {"image_id": "c6cb369b552f4d3384095bc19eb46e40", "pose": [0.989269, -0.00384914, 0.146057, -0.4857910000000002, -0.146022, 0.00805327, 0.989249, -2.3026, -0.00498404, -0.99996, 0.00740461, 1.53911, 0, 0, 0, 1], "included": true, "visible": [false, false, false, false, false, false, false, false, false, false, false, false, true, false, false, false, false, true, false, false, true, false, false, false, false, false, false, false, false, false, false, false, false, false, true, true, false, false, false, false, true, true, false, true, false, false, false, false, false, true, true, false, true, false, true, false, false, true, false, false, true], "unobstructed": [false, false, false, false, false, false, false, false, false, false, false, false, false, true, false, false, false, true, false, false, true, false, false, false, false, false, false, false, false, false, false, false, false, false, false, true, false, false, false, false, false, false, false, false, false, false, false, false, false, false, false, false, true, false, false, false, false, false, false, false, false], "height": 1.5746608479834538}, {"image_id": "cd9fd57e2de04c39b87e7fbe92e80a6c", "pose": [-0.227842, -0.00132593, 0.973698, -0.3692500000000001, -0.973693, -0.00298958, -0.227845, -1.0271299999999997, 0.003213, -0.999995, -0.000610077, 2.1080500000000004, 0, 0, 0, 1], "included": true, "visible": [false, false, false, false, false, false, false, false, false, false, false, false, true, false, false, false, false, true, true, false, true, true, false, false, false, false, false, false, false, false, false, false, false, true, false, true, true, false, false, false, true, true, false, true, false, false, false, false, false, true, true, false, true, false, false, true, false, true, false, false, true], "unobstructed": [false, false, false, false, false, false, false, false, false, false, false, false, false, false, false, false, false, false, false, false, true, false, false, false, false, false, false, false, false, false, false, false, false, false, false, false, false, false, false, false, false, false, false, true, false, false, false, false, false, false, false, false, false, false, false, false, false, false, false, false, false], "height": 1.6003979605037346}, {"image_id": "87e385b82c704a29855826d3cf4f79a0", "pose": [0.720042, 0.0182823, 0.69369, -1.78347, -0.693834, 0.00220488, 0.720132, -1.8983500000000006, 0.0116362, -0.999831, 0.0142723, 1.52238, 0, 0, 0, 1], "included": true, "v