[{"image_id": "80929af5cf234ae38ac3a2a4e60e4342", "pose": [0.983395, 0.00450812, -0.181418, -2.79247, 0.181442, -0.00570068, 0.983385, -1.38801, 0.00339928, -0.999973, -0.00642298, 1.42676, 0, 0, 0, 1], "included": true, "visible": [false, true, true, false, false, true, false, false, false, false, false, false, false, false, false, false, false, false, false, false, false, false, false, false, false, false, false, false, false, false, false, false, false, false, false, false, false, false, false, false, false, false, false, false, false, false, false, false, false, false, false, false, false, false, false, false, false, false], "unobstructed": [false, true, false, true, false, true, false, false, false, false, false, false, false, false, false, false, false, false, false, false, false, false, false, false, false, false, false, false, false, false, false, false, false, false, false, false, false, false, false, false, false, false, false, false, false, false, false, false, false, false, false, false, false, false, false, false, false, false], "height": 1.4191402375960298}, {"image_id": "ba27da20782d4e1a825f0a133ad84da9", "pose": [-0.7605, -0.0115739, -0.649234, -2.38988, 0.648885, 0.0237502, -0.760515, -0.0538717, 0.0242219, -0.999651, -0.0105509, 1.4341, 0, 0, 0, 1], "included": true, "visible": [true, false, true, true, false, true, false, false, false, false, false, false, false, false, false, false, false, false, false, false, false, false, false, false, false, false, false, false, false, false, false, false, false, false, false, false, false, false, false, false, false, false, false, false, false, false, false, false, false, false, false, false, false, false, false, false, false, true], "unobstructed": [true, false, false, false, false, true, false, false, false, false, false, false, false, false, false, false, false, false, false, false, false, false, false, false, false, false, false, false, false, false, false, false, false, false, false, false, false, false, false, false, false, false, false, false, false, false, false, false, false, false, false, false, false, false, false, false, false, true], "height": 1.424939020658826}, {"image_id": "46cecea0b30e4786b673f5e951bf82d4", "pose": [0.593129, 0.0137361, -0.80499, 0.99933, 0.804932, 0.010707, 0.59327, 1.17558, 0.0167685, -0.999848, -0.00470498, 1.41684, 0, 0, 0, 1], "included": true, "visible": [false, false, false, true, true, false, true, true, false, false, false, false, false, false, false, false, false, false, false, false, false, false, false, false, false, false, false, false, false, false, false, false, false, false, false, false, false, false, false, false, false, false, false, false, false, false, false, false, false, false, false, false, false, false, false, false, false, false], "unobstructed": [false, false, false, true, true, false, true, true, false, false, false, false, false, false, false, false, false, false, false, false, false, false, false, false, false, false, false, false, false, false, false, false, false, false, false, false, false, false, false, false, false, false, false, false, false, false, false, false, false, false, false, false, false, false, false, false, false, false], "height": 1.4252108727703763}, {"image_id": "bda7a9e6d1d94b3aa8ff491beb158f3a", "pose": [-0.378592, -0.0208239, 0.925329, -0.182918, -0.925433, -0.00820128, -0.37882, -1.72967, 0.0154776, -0.999749, -0.0161651, 1.42205, 0, 0, 0, 1], "included": true, "visible": [true, false, true, false, true, false, true, true, false, false, false, false, false, false, false, false, false, false, false, false, false, false, false, false, false, false, false, false, false, false, false, false, false, false, false, false, false, false, false, false, false, false, false, false, false, false, false, false, false, false, false, false, false, false, false, false, false, false], "unobstructed": [true, false, true, false, true, false, false, true, false, false, false, false, false, false, false, false, false, false, false, false, false, false, false, false, false, false, false, false, false, false, false, false, false, false, false, false, false, false, false, false, false, false, false, false, false, false, false, false, false, false, false, false, false, false, false, false, false, false], "height": 1.42983949725488}, {"image_id": "dbb2f8000bc04b3ebcd0a55112786149", "pose": [-0.595363, 0.00457706, -0.803444, 1.10196, 0.803383, 0.0168543, -0.595222, -1.10724, 0.0108174, -0.999847, -0.0137106, 1.41536, 0, 0, 0, 1], "included": true, "visible": [false, false, true, true, false, false, true, true, false, false, false, false, false, false, false, false, false, false, false, false, false, false, false, false, false, false, false, false, false, false, false, false, false, false, false, false, false, false, false, false, false, false, false, false, false, false, false, false, false, false, false, false, false, false, false, false, false, false], "unobstructed": [false, false, true, true, false, false, true, true, false, false, false, false, false, false, false, false, false, false, false, false, false, false, false, false, false, false, false, false, false, false, false, false, false, false, false, false, false, false, false, false, false, false, false, false, false, false, false, false, false, false, false, false, false, false, false, false, false, false], "height": 1.4186255623107038}, {"image_id": "29b20fa80dcd4771974303c1ccd8953f", "pose": [0.292738, 0.0164579, -0.956051, -2.77306, 0.956096, 0.0090939, 0.292909, 1.55377, 0.0135152, -0.999823, -0.0130722, 1.43367, 0, 0, 0, 1], "included": true, "visible": [true, true, true, false, true, false, false, false, false, false, false, false, false, false, false, false, false, false, false, false, false, false, false, false, false, false, false, false, false, false, false, false, false, false, false, false, false, false, false, false, false, false, false, false, false, false, false, false, false, false, false, false, false, false, false, false, false, false], "unobstructed": [true, true, false, false, false, false, false, false, false, false, false, false, false, false, false, false, false, false, false, false, false, false, false, false, false, false, false, false, false, false, false, false, false, false, false, false, false, false, false, false, false, false, false, false, false, false, false, false, false, false, false, false, false, false, false, false, false, false], "height": 1.4237594118402337}, {"image_id": "0ee20663dfa34b438d48750ddcd7366c", "pose": [-0.75968, -0.0019971, -0.650293, -0.111567, 0.650131, 0.0201598, -0.759554, 1.31337, 0.014627, -0.999794, -0.0140156, 1.42291, 0, 0, 0, 1], "included": true, "visible": [false, false, true, true, true, false, false, true, false, false, false, false, false, false, false, false, false, false, false, false, false, false, false, false, false, false, false, false, false, false, false, false, false, false, false, false, false, false, false, false, false, false, false, false, false, false, false, false, false, false, false, false, false, false, false, false, false, false], "unobstructed": [false, false, true, false, true, false, false, true, false, false, false, false, false, false, false, false, false, false, false, false, false, false, false, false, false, false, false, false, false, false, false, false, false, false, false, false, false, false, false, false, false, false, false, false, false, false, false, false, false, false, false, false, false, false, false, false, false, false], "height": 1.4276556862049736}, {"image_id": "47d8a8282c1c4a7fb3eeeacc45e9d959", "pose": [-0.0254788, 0.00643152, -0.999654, -0.0034508, 0.999603, 0.0120797, -0.0253995, 0.0112371, 0.0119124, -0.999906, -0.00673574, 1.42388, 0, 0, 0, 1], "included": true, "visible": [true, false, true, true, true, false, true, false, false, false, false, false, false, false, true, false, false, false, false, false, false, false, false, false, false, false, false, false, false, false, false, false, false, false, false, false, false, false, false, false, false, false, false, false, false, false, false, false, false, false, false, false, false, false, false, false, false, false], "unobstructed": [false, false, true, true, true, false, true, false, false, false, false, false, false, false, true, false, false, false, false, false, false, false, false, false, false, false, false, false, false, false, false, false, false, false, false, false, false, false, false, false, false, false, false, false, false, false, false, false, false, false, false, false, false, false, false, false, false, false], "height": 1.4268855357216241}, {"image_id": "7bf81bd8601e4bde87ef2365f625288c", "pose": [-0.854076, 0.00870919, 0.520074, 1.5238492000000008, -0.519901, -0.0450515, -0.853038, 0.024061900000000004, 0.016001, -0.998946, 0.043006, 1.4311199999999995, 0, 0, 0, 1], "included": true, "visible": [false, false, false, false, false, false, false, false, false, false, false, false, false, true, true, false, false, false, false, true, false, false, false, false, false, false, false, false, false, false, false, false, false, false, false, false, false, false, true, false, false, true, false, false, false, false, true, false, false, false, false, false, false, false, true, false, false, true], "unobstructed": [false, false, false, false, false, false, false, false, false, false, false, false, false, true, false, false, false, false, false, true, false, false, false, false, false, false, false, false, false, false, false, false, false, false, false, false, false, false, false, false, false, false, false, false, false, false, false, false, false, false, false, false, false, false, false, false, false, true], "height": 1.1453831422331175}, {"image_id": "c6ee591e1061490d8c15ff8de1ab58aa", "pose": [0.993375, 0.0353184, -0.109347, -1.7611507999999994, 0.110272, -0.0253759, 0.993577, 1.1784757, 0.032317, -0.999053, -0.0291019, -1.5512000000000001, 0, 0, 0, 1], "included": true, "visible": [false, false, false, false, false, false, false, false, false, false, false, false, false, false, false, false, false, false, false, false, false, false, true, false, true, false, false, false, false, true, false, false, true, false, false, false, true, false, false, true, true, false, false, false, false, false, false, true, false, false, false, true, false, true, false, true, false, false], "unobstructed": [false, false, false, false, false, false, false, false, false, false, false, false, false, false, false, false, false, false, false, false, false, false, false, false, false, false, false, false, false, false, false, true, false, false, false, false, true, false, false, false, true, false, false, false, false, false, false, true, false, false, false, false, false, false, false, true, false, false], "height": 1.1307842105021655}, {"image_id": "466de00abb3346119a44dff5cdca68ba", "pose": [-0.00239569, 0.0261446, 0.999655, -5.643760799999999, -0.999912, -0.0130336, -0.00205555, -2.7615743, 0.0129755, -0.999573, 0.0261742, -2.9571780000000003, 0, 0, 0, 1], "included": true, "visible": [false, false, false, false, false, false, false, false, false, false, false, false, false, false, false, false, false, true, false, false, true, false, true, false, false, false, true, false, false, true, false, true, false, true, false, false, true, false, false, true, false, false, false, false, false, false, false, false, false, false, false, false, false, true, false, false, false, false], "unobstructed": [false, false, false, false, false, false, false, false, false, false, false, false, false, false, false, false, false, true, false, false, false, false, false, false, false, false, true, false, false, false, false, false, false, false, false, false, false, false, false, false, false, false, false, false, false, false, false, false, false, false, false, false, false, false, false, false, false, false], "height": 1.182957994415648}, {"image_id": "76f8ea642f5541cf80e93ba4d2430b7c", "pose": [-0.0352799, 0.000109897, -0.999377, -0.6240507999999991, 0.999367, 0.00445592, -0.035279, 1.9782956999999999, 0.00444947, -0.99999, -0.000266407, -4.808260000000001, 0, 0, 0, 1], "included": true, "visible": [false, false, false, false, false, false, false, false, false, false, false, false, false, false, false, false, true, false, false, false, true, false, false, false, false, true, false, true, false, true, false, false, false, false, false, false, false, false, false, false, false, false, false, false, false, false, false, false, false, false, false, false, false, false, false, false, false, false], "unobstructed": [false, false, false, false, false, false, false, false, false, false, false, false, false, false, false, false, true, false, false, false, true, false, false, false, false, true, false, true, false, false, false, false, false, false, false, false, false, false, false, false, false, false, false, false, false, false, false, false, false, false, false, false, false, false, false, false, false, false], "height": 1.1196125997649702}, {"image_id": "c923f6e9440146129bef546a6fae0383", "pose": [0.466955, 0.0354045, 0.883572, -6.532180799999999, -0.883738, -0.0162957, 0.467696, -0.9998443000000001, 0.0309572, -0.99924, 0.0236796, 1.4078399999999998, 0, 0, 0, 1], "included": true, "visible": [false, false, false, false, false, false, false, false, false, false, false, false, false, false, false, false, false, false, false, false, false, false, false, false, false, false, false, false, true, false, false, false, false, false, false, false, false, false, false, false, false, true, false, false, false, false, false, false, false, false, false, false, true, false, false, false, false, false], "unobstructed": [false, false, false, false, false, false, false, false, false, false, false, false, false, false, false, false, false, false, false, false, false, false, false, false, false, false, false, false, false, false, false, false, false, false, false, false, false, false, false, false, false, true, false, false, false, false, false, false, false, false, false, false, true, false, false, false, false, false], "height": 1.1522717606985964}, {"image_id": "38b310ec74a041c3ba46b304a712d70f", "pose": [-0.701246, -0.0328299, -0.712163, 2.1798491999999996, 0.712915, -0.0289089, -0.700654, 1.1650156999999999, 0.00241477, -0.999042, 0.0436778, 1.4214699999999998, 0, 0, 0, 1], "included": true, "visible": [false, false, false, false, false, false, false, false, true, false, false, false, false, false, false, false, false, false, true, true, false, false, false, false, false, false, false, false, false, false, false, false, false, false, false, false, false, false, false, false, false, false, false, false, true, false, false, false, false, false, false, false, false, false, false, false, false, false], "unobstructed": [false, false, false, false, false, false, false, false, true, false, false, false, false, false, false, false, false, false, true, true, false, false, false, false, false, false, false, false, false, false, false, false, false, false, false, false, false, false, false, false, false, false, false, false, false, false, false, false, true, false, false, false, false, false, false, false, false, false], "height": 1.1396351177153905}, {"image_id": "f99835e3fffc45bbb3b4c992c78756e5", "pose": [0.475524, 0.0328421, 0.879089, -4.706210799999999, -0.879282, -0.0131228, 0.476119, 0.010338100000000003, 0.027173, -0.999374, 0.0226379, 1.4086199999999995, 0, 0, 0, 1], "included": true, "visible": [false, false, false, false, false, false, false, true, true, false, false, false, false, false, false, false, false, false, false, false, false, false, false, true, false, false, false, false, false, false, true, false, false, false, true, false, false, false, true, false, false, true, false, false, false, false, true, false, false, true, true, false, false, false, true, false, false, false], "unobstructed": [false, false, false, false, false, false, false, true, false, false, false, false, false, false, false, false, false, false, false, false, false, false, false, false, false, false, false, false, false, false, false, false, false, false, false, false, false, false, true, false, false, true, false, false, false, false, false, false, false, true, false, false, false, false, false, false, false, false], "height": 1.1474408622624455}, {"image_id": "32bae6dbde3e465e9fde5ac4519fa157", "pose": [-0.539566, 0.0110419, -0.841871, 3.3548492000000003, 0.841851, 0.0218756, -0.539266, -2.1193743, 0.0124621, -0.999699, -0.0210983, -1.5758100000000002, 0, 0, 0, 1], "included": true, "visible": [false, false, false, false, false, false, false, false, false, false, false, false, false, false, false, false, false, false, false, false, false, false, false, false, false, false, false, false, false, false, false, true, true, false, false, false, true, false, false, false, true, false, false, false, false, false, false, false, false, false, false, false, false, false, false, true, true, false], "unobstructed": [false, false, false, false, false, false, false, false, false, false, false, false, false, false, false, false, false, false, false, false, false, false, false, false, false, false, false, false, false, false, false, false, true, false, false, false, false, false, false, false, true, false, false, false, false, false, false, false, false, false, false, false, false, false, false, false, true, false], "height": 1.0973637809094967}, {"image_id": "6d24c882111d4c29b64b6b494d644159", "pose": [-0.0268983, -0.00318241, -0.999633, -2.3922507999999993, 0.999618, 0.00614592, -0.0269174, -1.9366943, 0.00622953, -0.999976, 0.0030165, -4.81923, 0, 0, 0, 1], "included": true, "visible": [false, false, false, false, false, false, false, false, false, false, false, true, false, false, false, false, false, false, false, false, true, false, true, false, true, true, false, false, false, true, false, false, false, false, false, false, false, false, false, false, false, false, false, false, false, false, false, false, false, false, false, false, false, true, false, false, false, false], "unobstructed": [false, false, false, false, false, false, false, false, false, false, false, true, false, false, false, false, false, false, false, false, true, false, false, false, false, true, false, false, false, false, false, false, false, false, false, false, false, false, false, false, false, false, false, true, false, false, false, false, false, false, false, false, false, false, false, false, false, false], "height": 1.1306023165459584}, {"image_id": "14628aaead7d4d6b97153bbd84cc6ef1", "pose": [-0.262361, 0.00792362, 0.964937, -7.317800799999999, -0.964859, -0.0173123, -0.262197, -2.7493943, 0.0146279, -0.999818, 0.0121879, -2.966523, 0, 0, 0, 1], "included": true, "visible": [false, false, false, false, false, false, false, false, false, false, true, false, false, false, false, false, false, false, false, false, true, false, true, false, false, false, true, false, false, false, false, true, false, true, false, true, true, false, false, true, false, false, true, false, false, false, false, false, false, false, false, false, false, false, false, false, false, false], "unobstructed": [false, false, false, false, false, false, false, false, false, false, true, false, false, false, false, false, false, false, false, false, false, false, false, false, false, false, false, false, false, false, false, false, false, false, false, false, false, false, false, true, false, false, false, false, false, false, false, false, false, false, false, false, false, false, false, false, false, false], "height": 1.1523413760488477}, {"image_id": "6e6c35e0ed8343a18a5999c5e27dd656", "pose": [0.70489, -0.011607, -0.709221, 2.4680491999999994, 0.709091, 0.0367065, 0.70416, 2.7655257, 0.01786, -0.999258, 0.0341051, 1.4156900000000001, 0, 0, 0, 1], "included": true, "visible": [false, false, false, false, false, false, false, false, false, false, false, false, false, true, false, false, false, false, false, true, false, false, false, false, false, false, false, false, false, false, false, false, false, false, false, false, false, false, false, false, false, false, false, false, false, false, false, false, true, false, false, false, false, false, false, false, false, false], "unobstructed": [false, false, false, false, false, false, false, false, false, false, false, false, false, true, false, false, false, false, false, false, false, false, false, false, false, false, false, false, false, false, false, false, false, false, false, false, false, false, false, false, false, false, false, false, false, false, false, false, true, false, false, false, false, false, false, false, false, false], "height": 1.138830300045326}, {"image_id": "720ca9c0b604445bab3bd731000bc5ca", "pose": [-0.680699, 0.018224, 0.732336, 2.2003492000000016, -0.732287, -0.0443334, -0.679551, -0.6347773000000001, 0.020083, -0.99885, 0.0435235, 1.42789, 0, 0, 0, 1], "included": true, "visible": [false, false, false, false, false, false, false, false, true, false, false, false, false, true, false, false, false, false, true, false, false, false, false, false, false, false, false, false, false, false, false, false, false, false, false, false, false, false, false, false, false, false, false, false, true, false, false, false, false, false, false, false, false, false, false, false, false, false], "unobstructed": [false, false, false, false, false, false, false, false, true, false, false, false, false, true, false, false, false, false, false, false, false, false, false, false, false, false, false, false, false, false, false, false, false, false, false, false, false, false, false, false, false, false, false, false, true, true, false, false, false, false, false, false, false, false, false, false, false, false], "height": 1.1376367116631414}, {"image_id": "2e024b2658064f9099f0ffd136fc4a0a", "pose": [-0.0296457, -0.00531492, -0.999546, -5.002000799999999, 0.999558, -0.00221209, -0.0296342, 0.9259397, -0.00205338, -0.999983, 0.00537878, -4.83119, 0, 0, 0, 1], "included": true, "visible": [false, false, false, false, false, false, false, false, false, false, false, true, false, false, false, false, true, false, false, false, false, false, false, false, true, true, false, true, false, true, false, false, false, false, false, false, false, false, false, false, false, false, false, false, false, false, false, false, false, false, false, false, false, true, false, false, false, false], "unobstructed": [false, false, false, false, false, false, false, false, false, false, false, true, false, false, false, false, true, false, false, false, false, false, false, false, false, true, false, false, false, true, false, false, false, false, false, false, false, false, false, false, false, false, false, false, false, false, false, false, false, false, false, false, false, false, false, false, false, false], "height": 1.1466357646095964}, {"image_id": "a5f020c705db447cabdb237e7b7027fe", "pose": [0.0429282, -0.0313497, 0.998586, 5.9008492, -0.998665, -0.0300775, 0.0419873, 0.4606607, 0.0287188, -0.999055, -0.0325984, -1.5660300000000003, 0, 0, 0, 1], "included": true, "visible": [false, false, false, false, false, false, false, false, false, false, false, false, false, false, false, false, false, false, false, false, false, false, false, false, false, false, false, false, false, false, false, true, false, false, false, false, false, false, false, false, false, false, false, false, false, false, false, false, false, false, false, true, false, false, false, false, true, false], "unobstructed": [false, false, false, false, false, false, false, false, false, false, false, false, false, false, false, false, false, false, false, false, false, false, false, false, false, false, false, false, false, false, false, false, false, false, false, false, false, false, false, false, false, false, false, false, false, false, false, false, false, false, false, true, false, false, false, false, true, false], "height": 1.1109369506179054}, {"image_id": "276d365e9e6b42e6bb17571e9dfd2663", "pose": [-0.0999202, -0.00992505, -0.994945, -8.7709608, 0.994989, 0.00251214, -0.0999495, 0.5525017, 0.00349165, -0.999947, 0.00962493, -4.81798, 0, 0, 0, 1], "included": true, "visible": [false, false, false, false, false, false, false, false, false, false, false, false, false, false, false, false, true, false, false, false, false, false, false, false, true, true, false, true, false, true, false, false, false, false, false, false, false, false, false, false, false, false, true, false, false, false, false, false, false, false, false, false, false, true, false, false, false, false], "unobstructed": [false, false, false, false, false, false, false, false, false, false, false, false, false, false, false, false, false, false, false, false, false, false, false, false, true, true, false, false, false, true, false, false, false, false, false, false, false, false, false, false, false, false, false, false, false, false, false, false, false, false, false, false, false, true, false, false, false, false], "height": 1.1236408788317118}, {"image_id": "50e6b50f81554912a305b166a0fd1a85", "pose": [-0.0126174, -0.0160635, -0.999791, -11.011370799999998, 0.999916, 0.00245658, -0.0126583, 8.89999999999988e-05, 0.0026596, -0.999867, 0.0160318, 1.3537500000000002, 0, 0, 0, 1], "included": true, "visible": [false, false, false, false, false, false, false, false, false, false, false, false, false, false, true, false, false, false, false, false, false, false, false, false, false, false, false, false, false, false, true, false, false, false, false, false, false, false, false, false, false, true, false, false, false, false, true, false, false, false, true, false, false, false, true, false, false, true], "unobstructed": [false, false, false, false, false, false, false, false, false, false, false, false, false, false, false, false, false, false, false, false, false, false, false, false, false, false, false, false, false, false, true, false, false, false, false, false, false, false, false, false, false, false, false, false, false, false, false, false, false, false, true, false, false, false, false, false, false, false], "height": 1.1288646596488894}, {"image_id": "8eacf8672d1546f6b90a6966b6e45db0", "pose": [-0.000893788, -0.00861833, -0.999962, -13.826433799999998, 0.999989, 0.00450257, -0.000932498, 0.3684887, 0.00451064, -0.999952, 0.00861484, -4.788550000000001, 0, 0, 0, 1], "included": true, "visible": [false, false, false, false, false, false, false, false, false, false, false, false, false, false, false, false, true, false, false, false, false, false, true, false, false, true, true, false, false, false, false, true, false, true, false, false, false, false, false, false, false, false, false, false, false, false, false, false, false, false, false, false, false, true, false, false, false, false], "unobstructed": [false, false, false, false, false, false, false, false, false, false, false, false, false, false, false, false, false, false, false, false, false, false, true, false, false, false, false, false, false, true, false, false, false, false, false, false, false, false, false, false, false, false, false, false, false, false, false, false, false, false, false, false, false, true, false, false, false, false], "height": 1.1177168886652105}, {"image_id": "937ef6a5582f4186805e8f370131ddf3", "pose": [-0.00429104, -0.0138231, -0.999895, -6.670220799999999, 0.999988, -0.00228144, -0.00425978, -1.3263643, -0.00222211, -0.999901, 0.0138334, -4.79727, 0, 0, 0, 1], "included": true, "visible": [false, false, false, false, false, false, false, false, false, false, false, true, false, false, false, false, true, false, false, false, true, false, true, false, true, false, false, false, false, true, false, false, false, false, false, false, false, false, false, false, false, false, false, false, false, false, false, false, false, false, false, false, false, true, false, false, false, false], "unobstructed": [false, false, false, false, false, false, false, false, false, false, false, true, false, false, false, false, true, false, false, false, true, false, true, false, false, false, false, false, false, true, false, false, false, false, false, false, false, false, false, false, false, false, false, false, false, false, false, false, false, false, false, false, false, true, false, false, false, false], "height": 1.1553493360423635}, {"image_id": "37f4e459dfa54aff98d84e8287138288", "pose": [-0.712229, -0.0112946, 0.701856, -4.274180799999998, -0.701547, -0.0222722, -0.712274, -2.6732243, 0.0236769, -0.999688, 0.00793988, -2.3986870000000002, 0, 0, 0, 1], "included": true, "visible": [false, false, false, false, false, false, false, false, false, true, true, true, false, false, false, true, false, true, false, false, true, false, false, false, true, false, false, false, false, true, false, true, true, false, false, false, false, false, false, true, true, false, false, false, false, false, false, false, false, false, false, false, false, true, false, true, true, false], "unobstructed": [false, false, false, false, false, false, false, false, false, false, true, false, false, false, false, false, false, false, false, false, false, false, false, false, false, false, false, false, false, false, false, true, false, false, false, false, false, false, false, false, false, false, false, false, false, false, false, false, false, false, false, false, false, false, false, false, false, false], "height": 0.9936463556430244}, {"image_id": "7efd4325cb7f42519c11210ffa7a7e1c", "pose": [0.0367506, -0.00396769, -0.999316, 2.6277492000000002, 0.999321, -0.00215406, 0.0367594, 2.1445057, -0.00229823, -0.999989, 0.00388646, -4.787750000000001, 0, 0, 0, 1], "included": true, "visible": [false, false, false, false, false, false, false, false, false, false, false, true, false, false, false, false, false, false, false, false, true, false, false, false, false, true, false, false, false, true, false, false, false, false, false, false, false, false, false, false, false, false, false, true, false, false, false, false, false, false, false, false, false, false, false, false, false, false], "unobstructed": [false, false, false, false, false, false, false, false, false, false, false, true, false, false, false, false, false, false, false, false, false, false, false, false, false, false, false, false, false, false, false, false, false, false, false, false, false, false, false, false, false, false, false, true, false, false, false, false, false, false, false, false, false, false, false, false, false, false], "height": 1.1244352300745826}, {"image_id": "d75fa5875ff1464497e5c2191ee803b9", "pose": [-0.449251, 0.0135737, 0.893302, -6.724040799999999, -0.893278, -0.0236806, -0.448879, 1.6787557, 0.0150612, -0.999627, 0.0227643, 1.3983699999999994, 0, 0, 0, 1], "included": true, "visible": [false, false, false, false, false, false, false, false, false, false, false, false, true, false, false, false, false, false, false, false, false, false, false, false, false, false, false, false, false, false, false, false, false, false, false, false, false, true, false, false, false, true, false, false, false, false, false, false, false, false, false, false, false, false, false, false, false, false], "unobstructed": [false, false, false, false, false, false, false, false, false, false, false, false, false, false, false, false, false, false, false, false, false, false, false, false, false, false, false, false, false, false, false, false, false, false, false, false, false, true, false, false, false, true, false, false, false, false, false, false, false, false, false, false, false, false, false, false, false, false], "height": 1.1434761611928517}, {"image_id": "5e088d1a1343492fa42091aebe7f9e04", "pose": [0.593247, 0.00416398, 0.805009, -9.933740799999999, -0.805018, 0.00148362, 0.593247, -1.1669343, 0.00127614, -0.99999, 0.00423286, -4.818250000000001, 0, 0, 0, 1], "included": true, "visible": [false, false, false, false, false, false, false, false, false, false, false, true, false, false, false, false, true, false, false, false, true, false, true, false, false, true, true, false, false, false, false, false, false, true, false, true, false, false, false, true, false, false, true, false, false, false, false, false, false, false, false, false, false, true, false, false, false, false], "unobstructed": [false, false, false, false, false, false, false, false, false, false, false, false, false, false, false, false, false, false, false, false, true, false, true, false, true, true, false, false, false, false, false, false, false, false, false, false, false, false, false, false, false, false, true, false, false, false, false, false, false, false, false, false, false, true, false, false, false, false], "height": 1.1353018752517823}, {"image_id": "9e574409dd8f41419ddd6d06cb5c4dae", "pose": [-0.00641826, 0.0110006, -0.999918, -12.180200799999998, 0.999977, -0.0018704, -0.00643909, 0.0201779, -0.00194088, -0.999937, -0.0109878, 1.27406, 0, 0, 0, 1], "included": true, "visible": [false, false, false, false, false, false, false, false, true, false, false, false, false, false, true, false, false, false, false, false, false, false, false, true, false, false, false, false, false, false, false, false, false, false, false, false, false, false, false, false, false, true, false, false, false, false, true, false, false, false, true, false, false, false, true, false, false, true], "unobstructed": [false, false, false, false, false, false, false, false, false, false, false, false, false, false, false, false, false, false, false, false, false, false, false, true, false, false, false, false, false, false, false, false, false, false, false, false, false, false, false, false, false, false, false, false, false, false, false, false, false, false, false, false, false, false, false, false, false, false], "height": 1.1195049052554031}, {"image_id": "bf428f443730499685d561a4221be040", "pose": [-0.634168, -0.0325763, -0.772508, -2.9090507999999993, 0.771793, 0.0334558, -0.634992, -2.6296543, 0.0465308, -0.998909, 0.00392621, -1.56858, 0, 0, 0, 1], "included": true, "visible": [false, false, false, false, false, false, false, false, false, true, true, false, false, false, false, true, false, true, false, false, true, false, true, false, true, true, true, false, false, false, false, false, false, false, false, false, true, false, false, true, true, false, false, false, false, false, false, true, false, false, false, false, false, false, false, true, true, false], "unobstructed": [false, false, false, false, false, false, false, false, false, true, false, false, false, false, false, false, false, false, false, false, false, false, false, false, false, false, true, false, false, false, false, false, false, false, false, false, true, false, false, false, true, false, false, false, false, false, false, false, false, false, false, false, false, false, false, true, false, false], "height": 1.0880009786143978}, {"image_id": "b2e6464d05eb49c69144ff197c24db72", "pose": [0.759828, 0.00672527, 0.650088, 3.375549200000002, -0.649331, -0.0415083, 0.759372, 2.6124357, 0.0320913, -0.999115, -0.0271716, -1.5509700000000002, 0, 0, 0, 1], "included": true, "visible": [false, false, false, false, false, false, false, false, false, true, false, false, false, false, false, true, false, false, false, false, false, false, false, false, false, false, false, false, false, false, false, false, false, false, false, false, false, false, false, false, false, false, false, false, false, false, false, true, false, false, false, true, false, false, false, false, false, false], "unobstructed": [false, false, false, false, false, false, false, false, false, false, false, false, false, false, false, true, false, false, false, false, false, false, false, false, false, false, false, false, false, false, false, false, false, false, false, false, false, false, false, false, false, false, false, false, false, false, false, true, false, false, false, true, false, false, false, false, false, false], "height": 1.1107330329935177}, {"image_id": "d5dbd24d1b9c404a9b4fc687ecf17a4f", "pose": [0.927855, 0.0214531, 0.372322, -1.4723507999999992, -0.370777, -0.0543002, 0.927133, 3.0840157, 0.0401073, -0.998294, -0.0424278, -0.08993000000000029, 0, 0, 0, 1], "included": true, "visible": [false, false, false, false, false, false, false, false, false, false, true, false, false, false, false, false, false, true, false, false, false, false, false, false, true, false, true, false, false, true, false, false, false, false, true, false, true, false, false, false, false, false, false, false, false, false, false, false, false, false, false, false, false, true, false, true, false, false], "unobstructed": [false, false, false, false, false, false, false, false, false, false, false, false, false, false, false, false, false, false, false, false, false, false, false, false, false, false, false, false, false, false, false, false, false, false, true, false, true, false, false, false, false, false, false, false, false, false, false, false, false, false, false, false, false, false, false, false, false, false], "height": 0.9236353560903199}, {"image_id": "fa51cb2051f240d795737cdffeda6178", "pose": [0.853316, 0.0900434, 0.513559, -0.38125079999999834, -0.511309, -0.0482684, 0.85804, 3.0641157, 0.10205, -0.994767, 0.0048524, 0.6742999999999997, 0, 0, 0, 1], "included": true, "visible": [false, false, false, false, false, false, false, false, false, false, true, false, false, false, true, false, false, false, false, false, false, false, true, false, false, false, false, false, false, false, false, false, false, true, false, false, true, false, true, true, false, false, false, false, false, false, false, false, false, true, false, false, false, true, false, false, false, true], "unobstructed": [false, false, false, false, false, false, false, false, false, false, false, false, false, false, false, false, false, false, false, false, false, false, false, false, false, false, false, false, false, false, false, false, false, true, false, false, false, false, false, false, false, false, false, false, false, false, false, false, false, true, false, false, false, false, false, false, false, false], "height": 1.1602327930594285}, {"image_id": "eac917cfb08842be82d8f5455434f74b", "pose": [-0.828699, -0.00196698, 0.55969, -9.2024008, -0.559633, -0.0118581, -0.828655, -2.7310243, 0.00826701, -0.999927, 0.00872664, -3.9148500000000004, 0, 0, 0, 1], "included": true, "visible": [false, false, false, false, false, false, false, false, false, false, true, false, false, false, false, false, false, true, false, false, true, false, true, false, false, false, true, false, false, true, false, false, false, false, false, false, false, false, false, true, false, false, true, false, false, false, false, false, false, false, false, false, false, true, false, false, false, false], "unobstructed": [false, false, false, false, false, false, false, false, false, false, false, false, false, false, false, false, false, false, false, false, false, false, false, false, false, false, false, false, false, false, false, false, false, false, false, false, false, false, false, true, false, false, true, false, false, false, false, false, false, false, false, false, false, false, false, false, false, false], "height": 0.9478904584175634}, {"image_id": "0aa7d38c4a904859b548bd69f4691106", "pose": [0.999075, 0.041682, 0.0105144, -2.766650799999999, -0.00888893, -0.0389904, 0.9992, 2.6484057, 0.0420588, -0.998369, -0.0385832, -0.6162700000000001, 0, 0, 0, 1], "included": true, "visible": [false, false, false, false, false, false, false, false, false, true, true, false, false, false, false, false, false, false, false, false, false, false, false, false, true, true